{
 "cells": [
  {
   "cell_type": "code",
   "execution_count": 166,
   "id": "46efef83",
   "metadata": {},
   "outputs": [],
   "source": [
    "import pandas as pd\n",
    "import numpy as np\n",
    "import matplotlib.pyplot as plt\n",
    "import seaborn as sns"
   ]
  },
  {
   "cell_type": "code",
   "execution_count": 167,
   "id": "27a811dd",
   "metadata": {},
   "outputs": [],
   "source": [
    "df=pd.read_csv(r\"C:\\Users\\Dell\\OneDrive\\Desktop\\Laliga_matches.csv\")"
   ]
  },
  {
   "cell_type": "code",
   "execution_count": 168,
   "id": "28b9209b",
   "metadata": {},
   "outputs": [
    {
     "data": {
      "text/html": [
       "<div>\n",
       "<style scoped>\n",
       "    .dataframe tbody tr th:only-of-type {\n",
       "        vertical-align: middle;\n",
       "    }\n",
       "\n",
       "    .dataframe tbody tr th {\n",
       "        vertical-align: top;\n",
       "    }\n",
       "\n",
       "    .dataframe thead th {\n",
       "        text-align: right;\n",
       "    }\n",
       "</style>\n",
       "<table border=\"1\" class=\"dataframe\">\n",
       "  <thead>\n",
       "    <tr style=\"text-align: right;\">\n",
       "      <th></th>\n",
       "      <th>HomeTeam</th>\n",
       "      <th>AwayTeam</th>\n",
       "      <th>FTHG</th>\n",
       "      <th>FTAG</th>\n",
       "      <th>FTR</th>\n",
       "      <th>HS</th>\n",
       "      <th>AS</th>\n",
       "      <th>HST</th>\n",
       "      <th>AST</th>\n",
       "      <th>HF</th>\n",
       "      <th>AF</th>\n",
       "      <th>HC</th>\n",
       "      <th>AC</th>\n",
       "      <th>HY</th>\n",
       "      <th>AY</th>\n",
       "      <th>HR</th>\n",
       "      <th>AR</th>\n",
       "    </tr>\n",
       "  </thead>\n",
       "  <tbody>\n",
       "    <tr>\n",
       "      <th>0</th>\n",
       "      <td>Valencia</td>\n",
       "      <td>Getafe</td>\n",
       "      <td>1</td>\n",
       "      <td>0</td>\n",
       "      <td>H</td>\n",
       "      <td>4</td>\n",
       "      <td>22</td>\n",
       "      <td>2</td>\n",
       "      <td>4</td>\n",
       "      <td>24</td>\n",
       "      <td>15</td>\n",
       "      <td>1</td>\n",
       "      <td>9</td>\n",
       "      <td>6</td>\n",
       "      <td>3</td>\n",
       "      <td>1</td>\n",
       "      <td>1</td>\n",
       "    </tr>\n",
       "    <tr>\n",
       "      <th>1</th>\n",
       "      <td>Cadiz</td>\n",
       "      <td>Levante</td>\n",
       "      <td>1</td>\n",
       "      <td>1</td>\n",
       "      <td>D</td>\n",
       "      <td>7</td>\n",
       "      <td>12</td>\n",
       "      <td>2</td>\n",
       "      <td>3</td>\n",
       "      <td>10</td>\n",
       "      <td>16</td>\n",
       "      <td>2</td>\n",
       "      <td>4</td>\n",
       "      <td>1</td>\n",
       "      <td>5</td>\n",
       "      <td>0</td>\n",
       "      <td>0</td>\n",
       "    </tr>\n",
       "    <tr>\n",
       "      <th>2</th>\n",
       "      <td>Mallorca</td>\n",
       "      <td>Betis</td>\n",
       "      <td>1</td>\n",
       "      <td>1</td>\n",
       "      <td>D</td>\n",
       "      <td>6</td>\n",
       "      <td>10</td>\n",
       "      <td>2</td>\n",
       "      <td>1</td>\n",
       "      <td>12</td>\n",
       "      <td>18</td>\n",
       "      <td>4</td>\n",
       "      <td>3</td>\n",
       "      <td>1</td>\n",
       "      <td>3</td>\n",
       "      <td>0</td>\n",
       "      <td>0</td>\n",
       "    </tr>\n",
       "    <tr>\n",
       "      <th>3</th>\n",
       "      <td>Alaves</td>\n",
       "      <td>Real Madrid</td>\n",
       "      <td>1</td>\n",
       "      <td>4</td>\n",
       "      <td>A</td>\n",
       "      <td>11</td>\n",
       "      <td>19</td>\n",
       "      <td>4</td>\n",
       "      <td>7</td>\n",
       "      <td>14</td>\n",
       "      <td>10</td>\n",
       "      <td>0</td>\n",
       "      <td>4</td>\n",
       "      <td>1</td>\n",
       "      <td>2</td>\n",
       "      <td>0</td>\n",
       "      <td>0</td>\n",
       "    </tr>\n",
       "    <tr>\n",
       "      <th>4</th>\n",
       "      <td>Osasuna</td>\n",
       "      <td>Espanol</td>\n",
       "      <td>0</td>\n",
       "      <td>0</td>\n",
       "      <td>D</td>\n",
       "      <td>14</td>\n",
       "      <td>10</td>\n",
       "      <td>1</td>\n",
       "      <td>3</td>\n",
       "      <td>18</td>\n",
       "      <td>12</td>\n",
       "      <td>4</td>\n",
       "      <td>6</td>\n",
       "      <td>3</td>\n",
       "      <td>3</td>\n",
       "      <td>0</td>\n",
       "      <td>0</td>\n",
       "    </tr>\n",
       "    <tr>\n",
       "      <th>...</th>\n",
       "      <td>...</td>\n",
       "      <td>...</td>\n",
       "      <td>...</td>\n",
       "      <td>...</td>\n",
       "      <td>...</td>\n",
       "      <td>...</td>\n",
       "      <td>...</td>\n",
       "      <td>...</td>\n",
       "      <td>...</td>\n",
       "      <td>...</td>\n",
       "      <td>...</td>\n",
       "      <td>...</td>\n",
       "      <td>...</td>\n",
       "      <td>...</td>\n",
       "      <td>...</td>\n",
       "      <td>...</td>\n",
       "      <td>...</td>\n",
       "    </tr>\n",
       "    <tr>\n",
       "      <th>1895</th>\n",
       "      <td>Villarreal</td>\n",
       "      <td>Real Madrid</td>\n",
       "      <td>2</td>\n",
       "      <td>2</td>\n",
       "      <td>D</td>\n",
       "      <td>14</td>\n",
       "      <td>15</td>\n",
       "      <td>5</td>\n",
       "      <td>7</td>\n",
       "      <td>13</td>\n",
       "      <td>10</td>\n",
       "      <td>4</td>\n",
       "      <td>5</td>\n",
       "      <td>4</td>\n",
       "      <td>3</td>\n",
       "      <td>0</td>\n",
       "      <td>0</td>\n",
       "    </tr>\n",
       "    <tr>\n",
       "      <th>1896</th>\n",
       "      <td>Ath Bilbao</td>\n",
       "      <td>Espanol</td>\n",
       "      <td>0</td>\n",
       "      <td>1</td>\n",
       "      <td>A</td>\n",
       "      <td>12</td>\n",
       "      <td>11</td>\n",
       "      <td>3</td>\n",
       "      <td>4</td>\n",
       "      <td>4</td>\n",
       "      <td>11</td>\n",
       "      <td>7</td>\n",
       "      <td>7</td>\n",
       "      <td>0</td>\n",
       "      <td>1</td>\n",
       "      <td>0</td>\n",
       "      <td>0</td>\n",
       "    </tr>\n",
       "    <tr>\n",
       "      <th>1897</th>\n",
       "      <td>Ath Madrid</td>\n",
       "      <td>Eibar</td>\n",
       "      <td>2</td>\n",
       "      <td>2</td>\n",
       "      <td>D</td>\n",
       "      <td>8</td>\n",
       "      <td>14</td>\n",
       "      <td>4</td>\n",
       "      <td>3</td>\n",
       "      <td>14</td>\n",
       "      <td>14</td>\n",
       "      <td>2</td>\n",
       "      <td>2</td>\n",
       "      <td>6</td>\n",
       "      <td>2</td>\n",
       "      <td>1</td>\n",
       "      <td>0</td>\n",
       "    </tr>\n",
       "    <tr>\n",
       "      <th>1898</th>\n",
       "      <td>Barcelona</td>\n",
       "      <td>Sociedad</td>\n",
       "      <td>1</td>\n",
       "      <td>0</td>\n",
       "      <td>H</td>\n",
       "      <td>12</td>\n",
       "      <td>13</td>\n",
       "      <td>4</td>\n",
       "      <td>2</td>\n",
       "      <td>13</td>\n",
       "      <td>13</td>\n",
       "      <td>3</td>\n",
       "      <td>8</td>\n",
       "      <td>3</td>\n",
       "      <td>2</td>\n",
       "      <td>0</td>\n",
       "      <td>0</td>\n",
       "    </tr>\n",
       "    <tr>\n",
       "      <th>1899</th>\n",
       "      <td>Valencia</td>\n",
       "      <td>La Coruna</td>\n",
       "      <td>2</td>\n",
       "      <td>1</td>\n",
       "      <td>H</td>\n",
       "      <td>22</td>\n",
       "      <td>12</td>\n",
       "      <td>5</td>\n",
       "      <td>7</td>\n",
       "      <td>8</td>\n",
       "      <td>11</td>\n",
       "      <td>8</td>\n",
       "      <td>4</td>\n",
       "      <td>0</td>\n",
       "      <td>0</td>\n",
       "      <td>0</td>\n",
       "      <td>0</td>\n",
       "    </tr>\n",
       "  </tbody>\n",
       "</table>\n",
       "<p>1900 rows × 17 columns</p>\n",
       "</div>"
      ],
      "text/plain": [
       "        HomeTeam     AwayTeam  FTHG  FTAG FTR  HS  AS  HST  AST  HF  AF  HC  \\\n",
       "0       Valencia       Getafe     1     0   H   4  22    2    4  24  15   1   \n",
       "1          Cadiz      Levante     1     1   D   7  12    2    3  10  16   2   \n",
       "2       Mallorca        Betis     1     1   D   6  10    2    1  12  18   4   \n",
       "3         Alaves  Real Madrid     1     4   A  11  19    4    7  14  10   0   \n",
       "4        Osasuna      Espanol     0     0   D  14  10    1    3  18  12   4   \n",
       "...          ...          ...   ...   ...  ..  ..  ..  ...  ...  ..  ..  ..   \n",
       "1895  Villarreal  Real Madrid     2     2   D  14  15    5    7  13  10   4   \n",
       "1896  Ath Bilbao      Espanol     0     1   A  12  11    3    4   4  11   7   \n",
       "1897  Ath Madrid        Eibar     2     2   D   8  14    4    3  14  14   2   \n",
       "1898   Barcelona     Sociedad     1     0   H  12  13    4    2  13  13   3   \n",
       "1899    Valencia    La Coruna     2     1   H  22  12    5    7   8  11   8   \n",
       "\n",
       "      AC  HY  AY  HR  AR  \n",
       "0      9   6   3   1   1  \n",
       "1      4   1   5   0   0  \n",
       "2      3   1   3   0   0  \n",
       "3      4   1   2   0   0  \n",
       "4      6   3   3   0   0  \n",
       "...   ..  ..  ..  ..  ..  \n",
       "1895   5   4   3   0   0  \n",
       "1896   7   0   1   0   0  \n",
       "1897   2   6   2   1   0  \n",
       "1898   8   3   2   0   0  \n",
       "1899   4   0   0   0   0  \n",
       "\n",
       "[1900 rows x 17 columns]"
      ]
     },
     "execution_count": 168,
     "metadata": {},
     "output_type": "execute_result"
    }
   ],
   "source": [
    "df"
   ]
  },
  {
   "cell_type": "code",
   "execution_count": 169,
   "id": "6b20147d",
   "metadata": {},
   "outputs": [
    {
     "data": {
      "text/plain": [
       "HomeTeam    0\n",
       "AwayTeam    0\n",
       "FTHG        0\n",
       "FTAG        0\n",
       "FTR         0\n",
       "HS          0\n",
       "AS          0\n",
       "HST         0\n",
       "AST         0\n",
       "HF          0\n",
       "AF          0\n",
       "HC          0\n",
       "AC          0\n",
       "HY          0\n",
       "AY          0\n",
       "HR          0\n",
       "AR          0\n",
       "dtype: int64"
      ]
     },
     "execution_count": 169,
     "metadata": {},
     "output_type": "execute_result"
    }
   ],
   "source": [
    "df.isnull().sum()"
   ]
  },
  {
   "cell_type": "code",
   "execution_count": 170,
   "id": "f4aad233",
   "metadata": {},
   "outputs": [
    {
     "data": {
      "text/html": [
       "<div>\n",
       "<style scoped>\n",
       "    .dataframe tbody tr th:only-of-type {\n",
       "        vertical-align: middle;\n",
       "    }\n",
       "\n",
       "    .dataframe tbody tr th {\n",
       "        vertical-align: top;\n",
       "    }\n",
       "\n",
       "    .dataframe thead th {\n",
       "        text-align: right;\n",
       "    }\n",
       "</style>\n",
       "<table border=\"1\" class=\"dataframe\">\n",
       "  <thead>\n",
       "    <tr style=\"text-align: right;\">\n",
       "      <th></th>\n",
       "      <th>FTHG</th>\n",
       "      <th>FTAG</th>\n",
       "      <th>HS</th>\n",
       "      <th>AS</th>\n",
       "      <th>HST</th>\n",
       "      <th>AST</th>\n",
       "      <th>HF</th>\n",
       "      <th>AF</th>\n",
       "      <th>HC</th>\n",
       "      <th>AC</th>\n",
       "      <th>HY</th>\n",
       "      <th>AY</th>\n",
       "      <th>HR</th>\n",
       "      <th>AR</th>\n",
       "    </tr>\n",
       "  </thead>\n",
       "  <tbody>\n",
       "    <tr>\n",
       "      <th>FTHG</th>\n",
       "      <td>1.000000</td>\n",
       "      <td>-0.008921</td>\n",
       "      <td>0.142907</td>\n",
       "      <td>0.027774</td>\n",
       "      <td>0.573982</td>\n",
       "      <td>0.052586</td>\n",
       "      <td>-0.075710</td>\n",
       "      <td>0.077221</td>\n",
       "      <td>-0.002083</td>\n",
       "      <td>-0.041632</td>\n",
       "      <td>-0.072538</td>\n",
       "      <td>-0.018890</td>\n",
       "      <td>-0.037245</td>\n",
       "      <td>-0.072151</td>\n",
       "    </tr>\n",
       "    <tr>\n",
       "      <th>FTAG</th>\n",
       "      <td>-0.008921</td>\n",
       "      <td>1.000000</td>\n",
       "      <td>0.037336</td>\n",
       "      <td>0.162174</td>\n",
       "      <td>-0.008639</td>\n",
       "      <td>0.145710</td>\n",
       "      <td>0.039082</td>\n",
       "      <td>-0.014272</td>\n",
       "      <td>0.206080</td>\n",
       "      <td>-0.024854</td>\n",
       "      <td>-0.000732</td>\n",
       "      <td>-0.002278</td>\n",
       "      <td>-0.027840</td>\n",
       "      <td>0.016693</td>\n",
       "    </tr>\n",
       "    <tr>\n",
       "      <th>HS</th>\n",
       "      <td>0.142907</td>\n",
       "      <td>0.037336</td>\n",
       "      <td>1.000000</td>\n",
       "      <td>0.662570</td>\n",
       "      <td>0.351618</td>\n",
       "      <td>-0.659846</td>\n",
       "      <td>0.275848</td>\n",
       "      <td>0.668011</td>\n",
       "      <td>0.520582</td>\n",
       "      <td>-0.742697</td>\n",
       "      <td>-0.773647</td>\n",
       "      <td>-0.392919</td>\n",
       "      <td>-0.672784</td>\n",
       "      <td>-0.639614</td>\n",
       "    </tr>\n",
       "    <tr>\n",
       "      <th>AS</th>\n",
       "      <td>0.027774</td>\n",
       "      <td>0.162174</td>\n",
       "      <td>0.662570</td>\n",
       "      <td>1.000000</td>\n",
       "      <td>0.046757</td>\n",
       "      <td>-0.527922</td>\n",
       "      <td>0.325796</td>\n",
       "      <td>0.601966</td>\n",
       "      <td>0.227771</td>\n",
       "      <td>-0.604694</td>\n",
       "      <td>-0.730762</td>\n",
       "      <td>-0.393081</td>\n",
       "      <td>-0.652333</td>\n",
       "      <td>-0.627056</td>\n",
       "    </tr>\n",
       "    <tr>\n",
       "      <th>HST</th>\n",
       "      <td>0.573982</td>\n",
       "      <td>-0.008639</td>\n",
       "      <td>0.351618</td>\n",
       "      <td>0.046757</td>\n",
       "      <td>1.000000</td>\n",
       "      <td>0.134403</td>\n",
       "      <td>-0.105577</td>\n",
       "      <td>0.211646</td>\n",
       "      <td>0.196387</td>\n",
       "      <td>-0.158362</td>\n",
       "      <td>-0.135744</td>\n",
       "      <td>0.065799</td>\n",
       "      <td>-0.133673</td>\n",
       "      <td>-0.108412</td>\n",
       "    </tr>\n",
       "    <tr>\n",
       "      <th>AST</th>\n",
       "      <td>0.052586</td>\n",
       "      <td>0.145710</td>\n",
       "      <td>-0.659846</td>\n",
       "      <td>-0.527922</td>\n",
       "      <td>0.134403</td>\n",
       "      <td>1.000000</td>\n",
       "      <td>-0.399740</td>\n",
       "      <td>-0.534501</td>\n",
       "      <td>-0.320537</td>\n",
       "      <td>0.586076</td>\n",
       "      <td>0.649060</td>\n",
       "      <td>0.549509</td>\n",
       "      <td>0.506625</td>\n",
       "      <td>0.535998</td>\n",
       "    </tr>\n",
       "    <tr>\n",
       "      <th>HF</th>\n",
       "      <td>-0.075710</td>\n",
       "      <td>0.039082</td>\n",
       "      <td>0.275848</td>\n",
       "      <td>0.325796</td>\n",
       "      <td>-0.105577</td>\n",
       "      <td>-0.399740</td>\n",
       "      <td>1.000000</td>\n",
       "      <td>0.294307</td>\n",
       "      <td>0.202250</td>\n",
       "      <td>-0.335436</td>\n",
       "      <td>-0.327978</td>\n",
       "      <td>-0.248742</td>\n",
       "      <td>-0.136025</td>\n",
       "      <td>-0.287571</td>\n",
       "    </tr>\n",
       "    <tr>\n",
       "      <th>AF</th>\n",
       "      <td>0.077221</td>\n",
       "      <td>-0.014272</td>\n",
       "      <td>0.668011</td>\n",
       "      <td>0.601966</td>\n",
       "      <td>0.211646</td>\n",
       "      <td>-0.534501</td>\n",
       "      <td>0.294307</td>\n",
       "      <td>1.000000</td>\n",
       "      <td>0.265071</td>\n",
       "      <td>-0.683218</td>\n",
       "      <td>-0.705300</td>\n",
       "      <td>-0.201211</td>\n",
       "      <td>-0.639887</td>\n",
       "      <td>-0.603596</td>\n",
       "    </tr>\n",
       "    <tr>\n",
       "      <th>HC</th>\n",
       "      <td>-0.002083</td>\n",
       "      <td>0.206080</td>\n",
       "      <td>0.520582</td>\n",
       "      <td>0.227771</td>\n",
       "      <td>0.196387</td>\n",
       "      <td>-0.320537</td>\n",
       "      <td>0.202250</td>\n",
       "      <td>0.265071</td>\n",
       "      <td>1.000000</td>\n",
       "      <td>-0.376319</td>\n",
       "      <td>-0.348416</td>\n",
       "      <td>-0.203839</td>\n",
       "      <td>-0.227190</td>\n",
       "      <td>-0.266405</td>\n",
       "    </tr>\n",
       "    <tr>\n",
       "      <th>AC</th>\n",
       "      <td>-0.041632</td>\n",
       "      <td>-0.024854</td>\n",
       "      <td>-0.742697</td>\n",
       "      <td>-0.604694</td>\n",
       "      <td>-0.158362</td>\n",
       "      <td>0.586076</td>\n",
       "      <td>-0.335436</td>\n",
       "      <td>-0.683218</td>\n",
       "      <td>-0.376319</td>\n",
       "      <td>1.000000</td>\n",
       "      <td>0.731747</td>\n",
       "      <td>0.299582</td>\n",
       "      <td>0.644014</td>\n",
       "      <td>0.729277</td>\n",
       "    </tr>\n",
       "    <tr>\n",
       "      <th>HY</th>\n",
       "      <td>-0.072538</td>\n",
       "      <td>-0.000732</td>\n",
       "      <td>-0.773647</td>\n",
       "      <td>-0.730762</td>\n",
       "      <td>-0.135744</td>\n",
       "      <td>0.649060</td>\n",
       "      <td>-0.327978</td>\n",
       "      <td>-0.705300</td>\n",
       "      <td>-0.348416</td>\n",
       "      <td>0.731747</td>\n",
       "      <td>1.000000</td>\n",
       "      <td>0.385818</td>\n",
       "      <td>0.668466</td>\n",
       "      <td>0.693306</td>\n",
       "    </tr>\n",
       "    <tr>\n",
       "      <th>AY</th>\n",
       "      <td>-0.018890</td>\n",
       "      <td>-0.002278</td>\n",
       "      <td>-0.392919</td>\n",
       "      <td>-0.393081</td>\n",
       "      <td>0.065799</td>\n",
       "      <td>0.549509</td>\n",
       "      <td>-0.248742</td>\n",
       "      <td>-0.201211</td>\n",
       "      <td>-0.203839</td>\n",
       "      <td>0.299582</td>\n",
       "      <td>0.385818</td>\n",
       "      <td>1.000000</td>\n",
       "      <td>0.246626</td>\n",
       "      <td>0.320296</td>\n",
       "    </tr>\n",
       "    <tr>\n",
       "      <th>HR</th>\n",
       "      <td>-0.037245</td>\n",
       "      <td>-0.027840</td>\n",
       "      <td>-0.672784</td>\n",
       "      <td>-0.652333</td>\n",
       "      <td>-0.133673</td>\n",
       "      <td>0.506625</td>\n",
       "      <td>-0.136025</td>\n",
       "      <td>-0.639887</td>\n",
       "      <td>-0.227190</td>\n",
       "      <td>0.644014</td>\n",
       "      <td>0.668466</td>\n",
       "      <td>0.246626</td>\n",
       "      <td>1.000000</td>\n",
       "      <td>0.604539</td>\n",
       "    </tr>\n",
       "    <tr>\n",
       "      <th>AR</th>\n",
       "      <td>-0.072151</td>\n",
       "      <td>0.016693</td>\n",
       "      <td>-0.639614</td>\n",
       "      <td>-0.627056</td>\n",
       "      <td>-0.108412</td>\n",
       "      <td>0.535998</td>\n",
       "      <td>-0.287571</td>\n",
       "      <td>-0.603596</td>\n",
       "      <td>-0.266405</td>\n",
       "      <td>0.729277</td>\n",
       "      <td>0.693306</td>\n",
       "      <td>0.320296</td>\n",
       "      <td>0.604539</td>\n",
       "      <td>1.000000</td>\n",
       "    </tr>\n",
       "  </tbody>\n",
       "</table>\n",
       "</div>"
      ],
      "text/plain": [
       "          FTHG      FTAG        HS        AS       HST       AST        HF  \\\n",
       "FTHG  1.000000 -0.008921  0.142907  0.027774  0.573982  0.052586 -0.075710   \n",
       "FTAG -0.008921  1.000000  0.037336  0.162174 -0.008639  0.145710  0.039082   \n",
       "HS    0.142907  0.037336  1.000000  0.662570  0.351618 -0.659846  0.275848   \n",
       "AS    0.027774  0.162174  0.662570  1.000000  0.046757 -0.527922  0.325796   \n",
       "HST   0.573982 -0.008639  0.351618  0.046757  1.000000  0.134403 -0.105577   \n",
       "AST   0.052586  0.145710 -0.659846 -0.527922  0.134403  1.000000 -0.399740   \n",
       "HF   -0.075710  0.039082  0.275848  0.325796 -0.105577 -0.399740  1.000000   \n",
       "AF    0.077221 -0.014272  0.668011  0.601966  0.211646 -0.534501  0.294307   \n",
       "HC   -0.002083  0.206080  0.520582  0.227771  0.196387 -0.320537  0.202250   \n",
       "AC   -0.041632 -0.024854 -0.742697 -0.604694 -0.158362  0.586076 -0.335436   \n",
       "HY   -0.072538 -0.000732 -0.773647 -0.730762 -0.135744  0.649060 -0.327978   \n",
       "AY   -0.018890 -0.002278 -0.392919 -0.393081  0.065799  0.549509 -0.248742   \n",
       "HR   -0.037245 -0.027840 -0.672784 -0.652333 -0.133673  0.506625 -0.136025   \n",
       "AR   -0.072151  0.016693 -0.639614 -0.627056 -0.108412  0.535998 -0.287571   \n",
       "\n",
       "            AF        HC        AC        HY        AY        HR        AR  \n",
       "FTHG  0.077221 -0.002083 -0.041632 -0.072538 -0.018890 -0.037245 -0.072151  \n",
       "FTAG -0.014272  0.206080 -0.024854 -0.000732 -0.002278 -0.027840  0.016693  \n",
       "HS    0.668011  0.520582 -0.742697 -0.773647 -0.392919 -0.672784 -0.639614  \n",
       "AS    0.601966  0.227771 -0.604694 -0.730762 -0.393081 -0.652333 -0.627056  \n",
       "HST   0.211646  0.196387 -0.158362 -0.135744  0.065799 -0.133673 -0.108412  \n",
       "AST  -0.534501 -0.320537  0.586076  0.649060  0.549509  0.506625  0.535998  \n",
       "HF    0.294307  0.202250 -0.335436 -0.327978 -0.248742 -0.136025 -0.287571  \n",
       "AF    1.000000  0.265071 -0.683218 -0.705300 -0.201211 -0.639887 -0.603596  \n",
       "HC    0.265071  1.000000 -0.376319 -0.348416 -0.203839 -0.227190 -0.266405  \n",
       "AC   -0.683218 -0.376319  1.000000  0.731747  0.299582  0.644014  0.729277  \n",
       "HY   -0.705300 -0.348416  0.731747  1.000000  0.385818  0.668466  0.693306  \n",
       "AY   -0.201211 -0.203839  0.299582  0.385818  1.000000  0.246626  0.320296  \n",
       "HR   -0.639887 -0.227190  0.644014  0.668466  0.246626  1.000000  0.604539  \n",
       "AR   -0.603596 -0.266405  0.729277  0.693306  0.320296  0.604539  1.000000  "
      ]
     },
     "execution_count": 170,
     "metadata": {},
     "output_type": "execute_result"
    }
   ],
   "source": [
    "corr=df.corr()\n",
    "corr"
   ]
  },
  {
   "cell_type": "code",
   "execution_count": 171,
   "id": "16c5dc51",
   "metadata": {},
   "outputs": [
    {
     "data": {
      "text/plain": [
       "<AxesSubplot:>"
      ]
     },
     "execution_count": 171,
     "metadata": {},
     "output_type": "execute_result"
    },
    {
     "data": {
